19525.0 114766.39250000002 
83662.0 95181.24809999998 
23592.0 114305.33399999997 
45669.0 104854.34679999998 
25859.0 113856.87759999999 
30784.0 111233.8098 
44549.0 105544.69629999997 
45731.0 103758.6404 
32559.0 110814.34700000001 
35649.0 109318.57330000002 
69131.0 96951.34000000001 
36893.0 108683.53960000002 
80225.0 95415.86700000003 
43368.0 106101.96850000005 
29841.0 111961.83099999999 
19751.0 114604.53550000001 
75513.0 96317.5308 
47593.0 102741.7087 
26483.0 113067.3383 
77772.0 95609.41029999999 
33622.0 110275.61 
64082.0 97027.0283 
66850.0 97007.9361 
50094.0 102645.8699 
41906.0 106464.01990000003 
71456.0 96600.29370000002 
45770.0 102988.60280000001 
38190.0 108343.5552 
60677.0 98807.65999999997 
35372.0 110041.2146 
41030.0 106985.74859999999 
56043.0 100273.96320000003 
72481.0 96381.5796 
57067.0 99818.58470000002 
28027.0 112099.46459999999 
38722.0 107662.4173 
27982.0 112858.81949999997 
62846.0 97411.96270000002 
51185.0 102223.74079999999 
59194.0 99178.5487 
76118.0 95798.87349999999 
60714.0 98064.71380000003 
39679.0 107355.2935 
61097.0 97548.65859999998 
57645.0 99290.56420000001 
82391.0 95281.17989999999 
54767.0 100665.7314 
53847.0 101940.79030000001 
54016.0 101281.60430000002 
52778.0 102051.66799999998 
