1 0,718 2,4 0,3740 3508442 0,297 2827529 0,243 2118458 0,198 1411080
2 0,0360 2,4 0,1960 1855713 0,142 1482832 0,117 1117171 0,0933 745737
3 0,0687 2,4 0,1370 543919 0,121 443307 0,104 332290 0,0925 219623
4 0,0760 2,0 0,2570 1345288 0,231 1082659 0,200 813351 0,162 541085
5 0,0190 2,5 0,0585 491887 0,0489 392082 0,0373 295994 0,030 197311
6 0,0705 2,2 0,315 1435697 0,240 1150879 0,201 865402 0,159 575426
7 0,0605 2,0 0,207 1307626 0,162 1048299 0,127 786345 0,106 525126
8 0,0896 2,2 0,3240 1693493 0,253 1352579 0,197 1013723 0,172 675461
9 0,1450 2,6 0,5110 2482740 0,425 1987997 0,354 1493750 0,301 994817
10 0,1490 2,5 0,5810 3151008 0,515 2533958 0,437 1895710 0,347 1269300
11 0,0718 2,4 0,3740 3508442 0,297 2827529 0,243 2118458 0,198 1411080
12 0,0360 2,4 0,1960 1855713 0,142 1482832 0,117 1117171 0,0933 745737
13 0,0687 2,4 0,1370 543919 0,121 443307 0,104 332290 0,0925 219623
14 0,0760 2,0 0,2570 1345288 0,231 1082659 0,200 813351 0,162 541085
15 0,0190 2,5 0,0585 491887 0,0489 392082 0,0373 295994 0,030 197311
16 0,0705 2,2 0,315 1435697 0,240 1150879 0,201 865402 0,159 575426
17 0,0605 2,0 0,207 1307626 0,162 1048299 0,127 786345 0,106 525126
18 0,0896 2,2 0,324 1693493 0,253 1352579 0,197 1013723 0,172 675461
19 0,1450 2,6 0,5110 2482740 0,425 1987997 0,354 1493750 0,301 994817
20 0,1490 2,5 0,5810 3151008 0,515 2533958 0,437 1895710 0,347 1269300
